12 0.006925
13 0.012465
14 0.006925
15 0.005540
16 0.016620
17 0.006925
18 0.012465
19 0.009695
20 0.002770
21 0.015235
22 0.008310
23 0.006925
24 0.019391
25 0.004155
26 0.018006
27 0.011080
28 0.009695
29 0.019391
30 0.041551
31 0.013850
32 0.015235
33 0.016620
34 0.037396
35 0.042936
36 0.018006
37 0.006925
38 0.037396
39 0.012465
40 0.005540
41 0.041551
42 0.015235
43 0.015235
44 0.011080
45 0.011080
46 0.004155
47 0.019391
48 0.008310
49 0.005540
50 0.004155
51 0.015235
52 0.008310
53 0.013850
54 0.013850
55 0.008310
56 0.009695
57 0.013850
58 0.022161
59 0.013850
60 0.012465
61 0.006925
62 0.008310
63 0.011080
64 0.008310
65 0.016620
66 0.022161
67 0.036011
68 0.011080
69 0.009695
70 0.009695
71 0.034626
72 0.008310
73 0.009695
74 0.019391
75 0.012465
76 0.005540
77 0.004155
78 0.006925
79 0.020776
80 0.018006
81 0.009695
82 0.012465
83 0.008310
84 0.006925
85 0.005540
86 0.008310
87 0.020776
88 0.004155
89 0.040166
90 0.027701
91 0.033241
92 0.012465
93 0.004155
94 0.015235
95 0.016620
96 0.013850
97 0.024931
98 0.034626
99 0.037396
100 0.031856
101 0.011080
102 0.037396
103 0.009695
104 0.023546
105 0.016620
106 0.013850
107 0.029086
108 0.018006
109 0.013850
110 0.004155
111 0.013850
112 0.012465
113 0.022161
114 0.018006
115 0.011080
116 0.038781
117 0.013850
118 0.015235
119 0.033241
120 0.005540
121 0.029086
122 0.008310
123 0.016620
124 0.030471
125 0.009695
126 0.015235
127 0.013850
128 0.011080
129 0.016620
130 0.009695
131 0.008310
132 0.020776
133 0.019391
134 0.008310
135 0.008310
136 0.031856
137 0.006925
138 0.015235
139 0.023546
140 0.040166
141 0.034626
142 0.034626
143 0.029086
144 0.012465
145 0.033241
146 0.013850
147 0.020776
148 0.027701
149 0.033241
150 0.036011
151 0.029086
152 0.031856
153 0.031856
154 0.016620
155 0.018006
156 0.009695
157 0.016620
158 0.002770
159 0.012465
160 0.037396
161 0.019391
162 0.006925
163 0.006925
164 0.008310
165 0.006925
166 0.002770
167 0.004155
168 0.020776
169 0.005540
170 0.027701
171 0.008310
172 0.034626
173 0.004155
174 0.008310
175 0.012465
176 0.036011
177 0.016620
178 0.012465
179 0.018006
180 0.031856
181 0.012465
182 0.015235
183 0.038781
184 0.027701
185 0.018006
186 0.018006
187 0.023546
188 0.006925
189 0.012465
190 0.030471
191 0.020776
192 0.004155
193 0.023546
194 0.030471
195 0.023546
196 0.008310
197 0.012465
198 0.011080
199 0.009695
200 0.011080
201 0.008310
202 0.018006
203 0.008310
204 0.703601
205 0.018006
206 0.033241
207 0.009695
208 0.023546
209 0.009695
210 0.008310
211 0.012465
212 0.019391
213 0.013850
214 0.009695
215 0.008310
216 0.011080
217 0.005540
218 0.008310
219 0.004155
220 0.696676
221 0.005540
222 0.013850
223 0.011080
224 0.009695
225 0.008310
226 0.013850
227 0.022161
228 0.015235
229 0.016620
230 0.036011
231 0.027701
232 0.013850
233 0.012465
234 0.013850
235 0.016620
236 0.018006
237 0.016620
238 0.006925
239 0.015235
240 0.005540
241 0.023546
242 0.013850
243 0.029086
244 0.013850
245 0.019391
246 0.016620
247 0.013850
248 0.015235
249 0.016620
250 0.020776
251 0.015235
252 0.005540
253 0.020776
254 0.016620
255 0.008310
256 0.019391
257 0.018006
258 0.026316
259 0.022161
260 0.015235
261 0.004155
262 0.006925
263 0.006925
264 0.036011
265 0.024931
266 0.008310
267 0.006925
268 0.019391
269 0.034626
270 0.034626
271 0.006925
272 0.006925
273 0.002770
274 0.012465
275 0.011080
276 0.026316
277 0.018006
278 0.004155
279 0.005540
280 0.033241
281 0.006925
282 0.029086
283 0.020776
284 0.013850
285 0.018006
286 0.009695
287 0.018006
288 0.018006
289 0.020776
290 0.029086
291 0.024931
292 0.026316
293 0.019391
294 0.015235
295 0.016620
296 0.013850
297 0.027701
298 0.015235
299 0.011080
300 0.011080
301 0.012465
302 0.022161
303 0.013850
304 0.019391
305 0.008310
306 0.001385
307 0.009695
308 0.020776
309 0.022161
310 0.029086
311 0.024931
312 0.020776
313 0.023546
314 0.009695
315 0.024931
316 0.023546
317 0.008310
318 0.004155
319 0.018006
320 0.018006
321 0.013850
322 0.012465
323 0.026316
324 0.009695
325 0.015235
326 0.023546
327 0.013850
328 0.011080
329 0.011080
330 0.023546
331 0.015235
332 0.006925
333 0.023546
334 0.016620
335 0.026316
336 0.015235
337 0.022161
338 0.027701
339 0.020776
340 0.026316
341 0.016620
342 0.016620
343 0.016620
344 0.009695
345 0.006925
346 0.019391
347 0.018006
348 0.013850
349 0.020776
350 0.011080
351 0.008310
352 0.013850
353 0.005540
354 0.004155
355 0.013850
356 0.013850
357 0.020776
358 0.015235
359 0.005540
360 0.005540
361 0.004155
362 0.006925
363 0.020776
364 0.022161
365 0.005540
366 0.009695
367 0.009695
368 0.015235
369 0.016620
370 0.012465
371 0.018006
372 0.013850
373 0.015235
374 0.008310
375 0.009695
376 0.016620
377 0.031856
378 0.016620
379 0.030471
380 0.034626
381 0.016620
382 0.015235
383 0.016620
384 0.011080
385 0.019391
386 0.013850
387 0.015235
388 0.005540
389 0.013850
390 0.013850
391 0.015235
392 0.011080
393 0.012465
394 0.016620
395 0.018006
396 0.020776
397 0.015235
398 0.012465
399 0.013850
400 0.011080
401 0.013850
402 0.012465
403 0.001385
404 0.008310
405 0.714681
406 0.012465
407 0.005540
408 0.008310
409 0.011080
410 0.013850
411 0.012465
412 0.004155
413 0.016620
414 0.005540
415 0.006925
416 0.009695
417 0.006925
418 0.002770
419 0.002770
420 0.004155
421 0.012465
422 0.011080
423 0.006925
424 0.001385
425 0.013850
426 0.006925
427 0.006925
428 0.016620
429 0.015235
430 0.012465
431 0.018006
432 0.012465
433 0.012465
434 0.013850
435 0.005540
436 0.005540
437 0.009695
438 0.015235
439 0.004155
440 0.015235
441 0.009695
442 0.012465
443 0.011080
444 0.011080
445 0.029086
446 0.015235
447 0.020776
448 0.006925
449 0.011080
450 0.009695
451 0.015235
452 0.013850
453 0.018006
454 0.011080
455 0.012465
456 0.024931
457 0.012465
458 0.011080
459 0.016620
460 0.015235
461 0.009695
462 0.008310
463 0.011080
464 0.005540
465 0.005540
466 0.013850
467 0.020776
468 0.022161
469 0.013850
470 0.019391
471 0.012465
472 0.020776
473 0.006925
474 0.018006
475 0.011080
476 0.019391
477 0.011080
478 0.008310
479 0.026316
480 0.015235
481 0.013850
482 0.013850
483 0.008310
484 0.011080
485 0.008310
486 0.009695
487 0.016620
488 0.020776
489 0.022161
490 0.018006
491 0.011080
492 0.009695
493 0.019391
494 0.016620
495 0.015235
496 0.012465
497 0.016620
498 0.006925
499 0.019391
500 0.020776
501 0.023546
502 0.029086
503 0.019391
504 0.013850
505 0.019391
506 0.018006
507 0.013850
508 0.018006
509 0.015235
510 0.012465
511 0.018006
512 0.009695
513 0.016620
514 0.015235
515 0.012465
516 0.009695
517 0.012465
518 0.018006
519 0.015235
520 0.009695
521 0.016620
522 0.018006
523 0.013850
524 0.018006
525 0.009695
526 0.015235
527 0.022161
528 0.018006
529 0.012465
530 0.019391
531 0.012465
532 0.018006
533 0.019391
534 0.015235
535 0.018006
536 0.016620
537 0.015235
538 0.008310
539 0.011080
540 0.009695
541 0.015235
542 0.008310
543 0.019391
544 0.013850
545 0.020776
546 0.012465
547 0.009695
548 0.013850
549 0.011080
550 0.013850
551 0.011080
552 0.013850
553 0.015235
554 0.018006
555 0.006925
556 0.009695
557 0.006925
558 0.016620
559 0.012465
560 0.019391
561 0.019391
562 0.015235
563 0.011080
564 0.009695
565 0.013850
566 0.013850
567 0.008310
568 0.012465
569 0.008310
570 0.004155
571 0.019391
572 0.011080
573 0.009695
574 0.015235
575 0.015235
576 0.013850
577 0.011080
578 0.016620
579 0.019391
580 0.011080
581 0.015235
582 0.008310
583 0.015235
584 0.012465
585 0.006925
586 0.008310
587 0.019391
588 0.022161
589 0.011080
590 0.020776
591 0.011080
592 0.013850
593 0.012465
594 0.015235
595 0.013850
596 0.015235
597 0.013850
598 0.018006
599 0.012465
600 0.012465
601 0.006925
602 0.009695
603 0.013850
604 0.013850
605 0.008310
606 0.015235
607 0.013850
608 0.022161
609 0.009695
610 0.005540
611 0.013850
612 0.012465
613 0.008310
614 0.009695
615 0.012465
616 0.012465
617 0.013850
618 0.020776
619 0.008310
620 0.013850
621 0.011080
622 0.005540
623 0.011080
624 0.011080
625 0.019391
626 0.013850
627 0.016620
628 0.015235
629 0.012465
630 0.016620
631 0.681440
632 0.012465
633 0.013850
634 0.013850
635 0.009695
636 0.008310
637 0.015235
638 0.016620
639 0.009695
640 0.005540
641 0.012465
642 0.008310
643 0.012465
644 0.008310
645 0.008310
646 0.009695
647 0.009695
648 0.012465
649 0.012465
650 0.006925
651 0.013850
652 0.001385
653 0.019391
654 0.012465
655 0.008310
656 0.005540
657 0.011080
658 0.011080
659 0.012465
660 0.004155
661 0.006925
662 0.013850
663 0.005540
664 0.011080
665 0.004155
666 0.018006
667 0.004155
668 0.005540
669 0.002770
670 0.015235
671 0.020776
672 0.008310
673 0.005540
674 0.002770
675 0.009695
676 0.011080
677 0.005540
678 0.006925
679 0.005540
680 0.008310
681 0.011080
682 0.004155
683 0.008310
684 0.005540
685 0.008310
686 0.005540
687 0.006925
688 0.005540
689 0.016620
690 0.002770
691 0.002770
692 0.006925
693 0.004155
694 0.009695
695 0.005540
696 0.005540
697 0.005540
698 0.005540
699 0.005540
700 0.008310
701 0.012465
702 0.009695
703 0.008310
704 0.004155
705 0.015235
706 0.008310
707 0.005540
708 0.005540
709 0.011080
710 0.004155
711 0.011080
712 0.006925
713 0.005540
714 0.008310
715 0.009695
716 0.005540
717 0.008310
718 0.005540
719 0.006925
720 0.009695
721 0.009695
722 0.011080
723 0.012465
724 0.006925
725 0.006925
726 0.008310
727 0.006925
728 0.006925
729 0.008310
730 0.016620
731 0.013850
732 0.001385
733 0.012465
734 0.011080
735 0.019391
736 0.013850
737 0.013850
738 0.012465
739 0.006925
740 0.006925
741 0.009695
742 0.012465
743 0.009695
744 0.012465
745 0.015235
746 0.011080
747 0.013850
748 0.009695
749 0.006925
750 0.006925
751 0.005540
752 0.011080
753 0.006925
754 0.005540
755 0.013850
756 0.009695
757 0.015235
758 0.008310
759 0.009695
760 0.006925
761 0.012465
762 0.006925
763 0.008310
764 0.006925
765 0.011080
766 0.009695
767 0.011080
768 0.006925
769 0.009695
770 0.005540
771 0.011080
772 0.006925
773 0.006925
774 0.019391
775 0.011080
776 0.006925
777 0.004155
778 0.011080
779 0.016620
780 0.006925
781 0.009695
782 0.006925
783 0.006925
784 0.011080
785 0.008310
786 0.009695
787 0.006925
788 0.005540
789 0.008310
790 0.005540
791 0.008310
792 0.002770
793 0.001385
794 0.004155
795 0.013850
796 0.011080
797 0.005540
798 0.006925
799 0.004155
800 0.004155
801 0.006925
802 0.008310
803 0.008310
804 0.006925
805 0.004155
806 0.008310
807 0.009695
808 0.006925
809 0.013850
810 0.005540
811 0.004155
812 0.009695
813 0.005540
814 0.004155
815 0.004155
816 0.008310
817 0.004155
818 0.002770
819 0.008310
820 0.008310
821 0.005540
822 0.008310
823 0.008310
824 0.001385
825 0.004155
826 0.004155
827 0.004155
828 0.009695
829 0.005540
830 0.004155
831 0.008310
832 0.004155
833 0.009695
834 0.005540
835 0.008310
836 0.005540
837 0.008310
838 0.013850
839 0.008310
840 0.015235
841 0.011080
842 0.008310
843 0.008310
844 0.012465
845 0.002770
846 0.002770
847 0.002770
848 0.004155
849 0.002770
850 0.002770
851 0.005540
852 0.008310
853 0.006925
854 0.005540
855 0.001385
856 0.002770
857 0.001385
858 0.008310
859 0.006925
860 0.005540
861 0.006925
862 0.008310
863 0.006925
864 0.006925
865 0.006925
866 0.008310
867 0.006925
868 0.002770
869 0.008310
870 0.002770
871 0.006925
872 0.009695
873 0.005540
874 0.009695
875 0.004155
876 0.002770
877 0.002770
878 0.005540
879 0.012465
880 0.015235
881 0.008310
882 0.008310
883 0.009695
884 0.006925
885 0.012465
886 0.002770
887 0.006925
888 0.009695
889 0.005540
890 0.004155
891 0.012465
892 0.011080
893 0.004155
894 0.005540
895 0.006925
896 0.005540
897 0.005540
898 0.008310
899 0.006925
900 0.006925
901 0.013850
902 0.006925
903 0.006925
904 0.008310
905 0.004155
906 0.004155
907 0.009695
908 0.004155
909 0.009695
910 0.011080
911 0.004155
912 0.009695
913 0.011080
914 0.005540
915 0.001385
916 0.001385
917 0.005540
918 0.008310
919 0.005540
920 0.005540
921 0.008310
922 0.004155
923 0.008310
924 0.011080
925 0.006925
926 0.009695
927 0.013850
928 0.006925
929 0.012465
930 0.002770
931 0.009695
932 0.008310
933 0.005540
934 0.002770
935 0.005540
936 0.009695
937 0.012465
938 0.005540
939 0.006925
940 0.009695
941 0.009695
942 0.008310
943 0.004155
944 0.002770
945 0.004155
946 0.005540
947 0.006925
948 0.006925
949 0.002770
950 0.005540
951 0.008310
952 0.012465
953 0.013850
954 0.012465
955 0.009695
956 0.008310
957 0.008310
958 0.006925
959 0.011080
960 0.009695
961 0.008310
962 0.006925
963 0.008310
964 0.011080
965 0.009695
966 0.009695
967 0.006925
968 0.006925
969 0.011080
970 0.008310
971 0.008310
972 0.009695
973 0.009695
974 0.008310
975 0.009695
976 0.008310
977 0.009695
978 0.009695
979 0.006925
980 0.006925
981 0.008310
982 0.008310
983 0.004155
984 0.004155
985 0.008310
986 0.006925
987 0.006925
988 0.009695
989 0.011080
990 0.009695
991 0.011080
992 0.005540
993 0.008310
994 0.006925
995 0.004155
996 0.005540
997 0.004155
998 0.005540
999 0.006925
Avg. Mis 0.015293