12 0.040817
13 0.071036
14 0.166802
15 0.187483
16 0.108002
17 0.082823
18 0.246480
19 0.008835
20 0.193853
21 -0.059499
22 0.252335
23 0.537764
24 0.139588
25 0.055381
26 0.088020
27 0.120181
28 0.353708
29 0.092373
30 0.389457
31 0.559606
32 0.895523
33 0.589138
34 0.236527
35 0.199758
36 0.735681
37 0.251654
38 0.601463
39 0.110252
40 0.099257
41 0.134236
42 0.378276
43 0.113278
44 0.384271
45 0.468221
46 0.494164
47 0.192561
48 0.424566
49 0.814742
50 0.232689
51 -0.005158
52 0.529697
53 0.735916
54 0.162450
55 0.490049
56 0.582865
57 1.389351
58 0.931806
59 0.934335
60 0.636223
61 0.488152
62 0.685894
63 0.660248
64 0.118676
65 0.392450
66 0.486657
67 0.101065
68 0.756082
69 0.805079
70 0.228203
71 0.144471
72 0.148013
73 0.515544
74 0.115303
75 0.234566
76 0.710429
77 0.461832
78 -0.002690
79 0.689206
80 0.952041
81 0.644054
82 0.561626
83 0.830288
84 0.618136
85 0.197057
86 1.322909
87 0.291932
88 1.255651
89 0.834311
90 0.135236
91 0.086973
92 0.418508
93 1.153170
94 1.079072
95 0.205764
96 0.157978
97 0.199475
98 0.015454
99 0.221013
100 0.170679
101 0.276579
102 0.080390
103 0.553570
104 0.388593
105 0.174849
106 1.244796
107 -0.017946
108 0.133109
109 0.046820
110 0.541172
111 0.142346
112 1.019019
113 0.091392
114 0.019071
115 0.161648
116 0.050568
117 0.525503
118 0.435362
119 0.801925
120 1.406244
121 1.018288
122 0.941809
123 0.954690
124 0.620204
125 0.888261
126 0.073275
127 0.091467
128 0.169198
129 0.488018
130 0.988273
131 0.566328
132 0.122166
133 0.351553
134 0.116524
135 0.632462
136 0.380752
137 0.036193
138 0.085696
139 0.767783
140 0.964322
141 0.149002
142 0.314387
143 0.230498
144 0.571310
145 1.388219
146 0.126003
147 0.078227
148 0.466318
149 0.391649
150 0.860156
151 0.098316
152 0.243249
153 0.292585
154 0.184413
155 0.055824
156 0.518493
157 0.055731
158 0.152254
159 0.222737
160 0.117119
161 0.004994
162 0.751288
163 0.077179
164 0.155385
165 1.132474
166 0.036027
167 0.340498
168 0.201993
169 0.054806
170 0.118791
171 0.056697
172 0.174369
173 1.573140
174 0.282163
175 1.087861
176 0.074948
177 0.117323
178 0.224138
179 0.739615
180 0.114102
181 0.513200
182 1.386233
183 0.750804
184 0.058682
185 0.844240
186 0.154961
187 0.196534
188 1.151895
189 0.116216
190 0.394071
191 0.046153
192 0.610691
193 0.138726
194 0.456544
195 0.052873
196 0.923282
197 0.410593
198 0.698664
199 0.769925
200 0.751256
201 0.900695
202 0.870408
203 0.446549
204 0.645259
205 0.682206
206 0.919715
207 0.708633
208 0.262909
209 0.658088
210 0.129819
211 0.015559
212 0.184497
213 0.382963
214 0.537910
215 0.110523
216 0.086751
217 0.197377
218 0.366735
219 0.881619
220 0.138558
221 0.657788
222 0.422470
223 0.002140
224 0.137960
225 0.108986
226 0.300804
227 -0.081502
228 0.218241
229 0.279788
230 0.752249
231 0.894340
232 0.212467
233 0.143062
234 0.961821
235 0.173142
236 0.471209
237 0.379526
238 0.536541
239 0.320710
240 0.627197
241 0.182601
242 1.044529
243 0.859305
244 0.154663
245 -0.015482
246 -0.059038
247 0.309391
248 0.290585
249 0.286069
250 0.055231
251 0.954296
252 0.550147
253 0.518140
254 0.402304
255 0.526898
256 1.171134
257 1.291688
258 0.644524
259 0.094069
260 0.025002
261 0.379757
262 0.141121
263 1.027481
264 0.361316
265 0.001532
266 0.552671
267 0.621407
268 0.601085
269 0.222946
270 0.924778
271 0.772763
272 0.144084
273 0.222083
274 0.433409
275 0.389310
276 0.035899
277 0.440410
278 0.896165
279 0.421672
280 0.425828
281 0.717176
282 0.644290
283 0.220526
284 0.218970
285 -0.003588
286 0.461442
287 0.287866
288 0.233733
289 0.583712
290 0.175092
291 0.594657
292 -0.035591
293 0.029809
294 0.356824
295 0.352599
296 0.404797
297 0.175228
298 1.113183
299 0.202301
300 0.558233
301 0.188226
302 -0.017756
303 0.301268
304 0.950103
305 1.341724
306 0.051863
307 0.050503
308 0.194229
309 0.717317
310 0.297334
311 0.724348
312 0.160308
313 0.204383
314 0.736012
315 0.111528
316 0.029034
317 0.542597
318 0.449798
319 0.296385
320 0.816464
321 0.305903
322 0.913161
323 0.561889
324 0.307679
325 0.264259
326 0.039350
327 -0.018427
328 0.265902
329 0.302321
330 0.376045
331 0.651269
332 0.326409
333 0.215759
334 0.183658
335 0.303901
336 0.174200
337 0.174336
338 -0.029070
339 0.074351
340 0.152441
341 -0.047508
342 0.027066
343 -0.011798
344 0.440215
345 0.717663
346 0.039886
347 0.151430
348 0.093026
349 0.127213
350 -0.012749
351 0.046525
352 0.275984
353 0.241625
354 0.007992
355 0.079272
356 0.011470
357 -0.024387
358 0.053695
359 0.027490
360 0.025753
361 0.023344
362 0.127520
363 0.083491
364 0.220597
365 0.147638
366 0.079567
367 0.634985
368 0.151786
369 0.072319
370 0.427310
371 0.460930
372 0.020860
373 0.069410
374 0.187721
375 0.269819
376 0.427725
377 0.221190
378 1.411494
379 -0.030784
380 0.060280
381 0.234616
382 0.144454
383 0.070857
384 0.084741
385 0.204503
386 0.297752
387 0.048733
388 0.774337
389 0.042748
390 0.064260
391 0.152392
392 0.247051
393 0.148603
394 0.164667
395 0.564727
396 0.169836
397 0.023659
398 -0.009688
399 -0.099342
400 0.034599
401 -0.072015
402 0.059601
403 0.764425
404 0.750038
405 0.409716
406 0.935558
407 0.770861
408 0.103326
409 0.227142
410 -0.043091
411 0.671998
412 0.078308
413 0.592238
414 0.116894
415 0.034448
416 0.080890
417 0.182121
418 0.547333
419 0.058587
420 0.539461
421 0.326990
422 -0.039554
423 0.048518
424 0.393413
425 0.081533
426 0.034157
427 0.136039
428 0.126643
429 0.368941
430 0.142519
431 0.031703
432 0.446356
433 0.086203
434 0.607285
435 0.518450
436 0.064370
437 0.489675
438 0.151595
439 0.111983
440 0.814207
441 0.864603
442 0.062219
443 0.259567
444 0.166400
445 1.302883
446 1.073733
447 0.210266
448 0.086630
449 0.322174
450 0.217800
451 0.075772
452 0.471059
453 0.387384
454 0.302078
455 0.235607
456 0.483372
457 0.368281
458 0.226883
459 0.243922
460 1.374421
461 0.226590
462 0.786350
463 0.163141
464 0.425321
465 0.950357
466 0.609188
467 0.371971
468 0.146702
469 0.534113
470 0.404653
471 0.542182
472 0.640826
473 0.223402
474 0.147233
475 0.720764
476 0.470623
477 0.170963
478 1.121144
479 0.422711
480 0.353581
481 0.321249
482 1.015341
483 0.645338
484 0.262407
485 0.605078
486 1.318923
487 0.655659
488 0.222061
489 0.243458
490 0.131350
491 0.633998
492 0.640038
493 0.548367
494 0.978849
495 0.595535
496 0.094165
497 1.110072
498 0.191568
499 0.550582
500 0.573127
501 2.174121
502 0.683213
503 1.788262
504 0.457242
505 0.204157
506 0.204804
507 0.260190
508 0.322183
509 0.624071
510 1.418838
511 0.316414
512 0.831441
513 0.210597
514 0.184307
515 0.052371
516 0.164226
517 0.206521
518 0.300088
519 0.295149
520 0.135013
521 0.968336
522 0.355561
523 0.538216
524 0.472200
525 0.318885
526 0.792798
527 0.150511
528 0.721757
529 0.416321
530 0.474570
531 0.518614
532 0.247951
533 0.000901
534 0.006569
535 0.063543
536 0.045335
537 0.265105
538 0.466661
539 0.622417
540 0.146945
541 0.346569
542 0.356849
543 0.285858
544 0.067111
545 -0.121829
546 0.206330
547 0.509945
548 0.073038
549 0.140323
550 0.140338
551 0.300228
552 1.681400
553 0.207925
554 0.096249
555 0.436901
556 0.099852
557 0.611119
558 0.759105
559 0.239497
560 1.345842
561 0.628135
562 0.800406
563 0.506613
564 0.124748
565 0.191822
566 0.159624
567 0.248870
568 0.120442
569 0.050574
570 0.228512
571 0.448363
572 0.243873
573 0.398894
574 0.263025
575 0.348083
576 0.750325
577 0.086572
578 0.823900
579 0.160243
580 0.798840
581 0.630619
582 0.461818
583 0.131265
584 0.523882
585 0.169735
586 -0.003003
587 0.196196
588 0.141752
589 0.321499
590 0.794845
591 0.236172
592 0.638602
593 0.773104
594 0.959564
595 0.235449
596 0.565493
597 0.423285
598 0.205539
599 0.372229
600 1.180032
601 0.208445
602 0.763368
603 0.072880
604 0.257910
605 0.413325
606 0.459569
607 0.542237
608 0.345877
609 0.048160
610 0.203057
611 0.232053
612 0.493887
613 0.653499
614 0.283713
615 0.832087
616 0.074900
617 0.051622
618 0.191550
619 0.406795
620 0.047778
621 0.476529
622 0.760468
623 0.323760
624 0.517551
625 0.201811
626 0.807183
627 0.229423
628 0.527487
629 0.808341
630 0.112245
631 0.158918
632 0.547348
633 0.497331
634 0.410417
635 0.449593
636 0.507250
637 0.188467
638 0.715728
639 1.398932
640 1.203916
641 0.061723
642 0.766065
643 0.035017
644 0.385031
645 0.054752
646 1.113634
647 0.848291
648 0.572837
649 1.130460
650 1.189346
651 0.305815
652 0.160396
653 0.244790
654 0.214776
655 0.468004
656 0.229855
657 0.554069
658 0.267325
659 0.313962
660 0.329513
661 0.278327
662 0.306896
663 0.216460
664 0.421450
665 0.089010
666 0.191695
667 0.764983
668 0.155997
669 0.158204
670 0.065813
671 0.249022
672 0.002808
673 0.079099
674 0.142345
675 0.449381
676 0.209488
677 0.095764
678 0.092597
679 0.214359
680 0.183618
681 0.323238
682 0.727891
683 0.572700
684 0.146146
685 0.154123
686 0.099988
687 0.055648
688 0.162303
689 0.353266
690 0.571000
691 0.308400
692 0.130892
693 0.141480
694 0.266985
695 0.468817
696 0.578698
697 0.303577
698 0.197826
699 -0.022476
700 0.277755
701 0.287453
702 1.088649
703 0.208588
704 0.386611
705 0.159212
706 0.082409
707 0.072864
708 0.597036
709 0.137284
710 0.105568
711 0.143257
712 0.078388
713 0.099871
714 0.218637
715 0.129038
716 0.105134
717 0.237747
718 0.302220
719 0.272714
720 0.096674
721 0.104171
722 0.466082
723 0.387960
724 0.331544
725 0.134834
726 0.007804
727 0.152914
728 0.073663
729 0.989049
730 0.123435
731 0.084592
732 0.485086
733 0.168341
734 0.819560
735 0.121514
736 0.106736
737 0.053283
738 0.158750
739 0.382948
740 0.331633
741 0.006173
742 0.112202
743 0.227855
744 0.113011
745 0.450692
746 0.203503
747 0.532568
748 0.131118
749 0.233922
750 0.687273
751 0.458420
752 0.331788
753 0.162413
754 0.136707
755 0.130460
756 1.044771
757 0.070569
758 0.687097
759 0.174536
760 0.336269
761 0.476306
762 0.161550
763 0.482373
764 0.053637
765 0.504591
766 0.332388
767 0.289791
768 0.846570
769 0.071723
770 0.675509
771 0.088896
772 0.169398
773 0.339530
774 0.300957
775 0.141572
776 0.456488
777 0.205773
778 0.782045
779 0.141887
780 0.569713
781 0.489091
782 0.969899
783 0.145470
784 0.157579
785 0.394917
786 0.072243
787 0.035307
788 0.124896
789 0.544539
790 0.110672
791 0.034650
792 0.011092
793 0.194337
794 0.418591
795 0.090316
796 0.164186
797 0.092515
798 0.133116
799 0.224339
800 0.252888
801 0.157723
802 0.067190
803 0.153763
804 0.125889
805 0.133620
806 0.143557
807 0.263340
808 0.538924
809 0.234383
810 0.156652
811 0.206344
812 0.245731
813 0.446134
814 0.131061
815 0.125384
816 0.211939
817 0.507474
818 0.258468
819 0.702995
820 0.313937
821 0.374164
822 0.136326
823 0.272700
824 0.324690
825 -0.058587
826 0.171337
827 0.202974
828 0.095899
829 0.048341
830 0.180733
831 -0.000320
832 -0.003131
833 0.199044
834 0.293514
835 0.097225
836 0.053113
837 0.174031
838 0.186915
839 0.484893
840 0.178462
841 0.265869
842 0.256668
843 0.178772
844 0.136184
845 0.173617
846 0.221259
847 0.179070
848 0.164331
849 0.190394
850 0.438359
851 0.584810
852 0.657960
853 0.115018
854 0.109981
855 0.155242
856 0.325354
857 0.209021
858 0.381619
859 0.221239
860 0.739517
861 0.186670
862 0.378290
863 0.043089
864 0.064000
865 0.067984
866 0.264196
867 0.158934
868 0.241259
869 0.261991
870 0.073840
871 0.411629
872 0.123334
873 0.467280
874 0.143495
875 0.442884
876 0.160228
877 0.163913
878 0.674963
879 0.177218
880 0.497574
881 0.155234
882 0.207395
883 0.208377
884 0.172799
885 0.178064
886 0.100626
887 0.090029
888 0.116133
889 0.075439
890 0.189911
891 0.194204
892 0.497487
893 0.441849
894 0.120756
895 0.117350
896 0.089698
897 0.103926
898 0.173132
899 -0.008901
900 0.077202
901 0.195006
902 0.155643
903 0.131589
904 0.633138
905 0.083077
906 0.226407
907 0.564243
908 0.102986
909 0.098439
910 0.157426
911 0.137969
912 0.003015
913 -0.014477
914 0.065975
915 0.128539
916 0.206953
917 0.210258
918 0.215482
919 0.142923
920 0.194339
921 0.286285
922 0.495555
923 0.345191
924 0.240965
925 0.187716
926 0.205909
927 0.179971
928 -0.027375
929 0.234078
930 0.078054
931 0.108936
932 0.229261
933 0.134417
934 0.110634
935 0.290051
936 0.145294
937 0.549790
938 0.461328
939 0.182318
940 0.188203
941 0.193070
942 0.057033
943 -0.014360
944 0.065916
945 0.387992
946 0.182413
947 0.266471
948 0.293583
949 0.253357
950 0.475928
951 0.198527
952 0.392664
953 1.105475
954 0.145728
955 0.219439
956 0.105089
957 0.374863
958 0.227381
959 0.031451
960 0.263407
961 0.278309
962 0.131099
963 0.109820
964 0.106981
965 0.106045
966 0.142013
967 0.418669
968 -0.013352
969 0.292068
970 0.093590
971 -0.010468
972 0.078151
973 -0.001054
974 0.133018
975 0.158503
976 0.082129
977 0.180734
978 0.788116
979 0.374924
980 0.134361
981 0.112386
982 0.124349
983 0.046813
984 0.169899
985 0.471862
986 0.468756
987 0.307970
988 0.199524
989 0.416029
990 0.511213
991 0.174506
992 0.169082
993 0.143468
994 0.348070
995 0.224282
996 0.389897
997 0.242912
998 0.087939
999 0.163721
Avg. KL 0.343136