12 5.420629
13 5.405185
14 5.273020
15 5.238740
16 4.282527
17 3.497841
18 5.826482
19 5.951510
20 3.824892
21 5.016889
22 5.259448
23 4.960664
24 3.447769
25 4.011205
26 5.170164
27 5.788634
28 5.894720
29 3.143110
30 6.723303
31 5.822459
32 5.443096
33 5.957780
34 4.836396
35 5.400532
36 5.586233
37 5.487081
38 5.275047
39 4.034859
40 3.787901
41 5.173853
42 4.023833
43 4.285817
44 4.654766
45 3.764182
46 3.788509
47 4.612391
48 4.858203
49 4.272454
50 4.491979
51 4.760479
52 4.618337
53 6.197728
54 4.741491
55 4.726446
56 4.542833
57 6.361059
58 6.583308
59 4.987133
60 6.169709
61 4.795985
62 5.293824
63 4.855434
64 4.873328
65 5.804556
66 6.710588
67 5.480013
68 5.686758
69 6.071365
70 4.464106
71 4.955770
72 4.135782
73 3.571597
74 4.795265
75 4.128243
76 5.439554
77 4.573408
78 4.257663
79 5.337645
80 5.022481
81 4.456171
82 4.222271
83 5.265289
84 5.134467
85 4.528445
86 6.938593
87 5.345066
88 5.384147
89 4.900402
90 4.393656
91 5.188353
92 5.389073
93 5.265538
94 4.287422
95 5.320869
96 5.999482
97 5.980957
98 3.854986
99 4.330951
100 5.370243
101 5.449302
102 3.860416
103 4.357831
104 4.385880
105 5.074738
106 5.836101
107 3.664106
108 5.759399
109 4.831458
110 4.335106
111 4.551133
112 4.655065
113 3.759067
114 4.541608
115 4.609746
116 5.449602
117 5.484082
118 4.530124
119 5.114358
120 5.210760
121 4.941532
122 5.022676
123 6.080759
124 5.391323
125 5.478534
126 5.310576
127 4.667606
128 4.676393
129 6.339338
130 5.750333
131 5.090768
132 5.350875
133 5.655400
134 4.933040
135 4.039745
136 4.423678
137 4.198179
138 5.417133
139 5.757685
140 4.436993
141 4.089496
142 5.158808
143 3.961400
144 4.450477
145 4.983174
146 3.256866
147 4.583512
148 3.605996
149 4.869415
150 4.954221
151 3.976884
152 4.778491
153 5.429638
154 4.944616
155 4.995806
156 5.387108
157 5.357575
158 4.423413
159 4.574795
160 3.485200
161 5.523850
162 5.406541
163 3.927638
164 5.430234
165 5.500295
166 2.838601
167 4.976921
168 4.942267
169 4.428192
170 4.511489
171 5.441342
172 4.554911
173 5.944452
174 3.601036
175 4.531411
176 3.849471
177 4.447563
178 4.794160
179 5.277032
180 4.267111
181 4.310183
182 4.897412
183 5.915116
184 5.419134
185 4.736177
186 5.057417
187 5.574879
188 5.090609
189 3.498401
190 4.738192
191 4.419987
192 4.602843
193 3.498128
194 4.332147
195 4.434173
196 4.709731
197 5.518839
198 4.979983
199 4.798144
200 4.623096
201 5.117582
202 6.246086
203 5.951033
204 5.983759
205 5.971451
206 3.895407
207 5.775669
208 4.862175
209 5.674556
210 5.392568
211 5.592304
212 6.196944
213 5.632471
214 4.409309
215 3.450079
216 5.248779
217 5.439768
218 5.246815
219 4.672301
220 4.037449
221 4.885074
222 4.651351
223 3.608547
224 4.516408
225 4.076794
226 4.390620
227 4.515272
228 5.127392
229 5.426806
230 4.744004
231 5.832641
232 4.596825
233 4.227187
234 6.380887
235 3.743447
236 5.282147
237 4.487603
238 4.997048
239 5.815651
240 5.358755
241 4.559939
242 5.298937
243 5.593272
244 4.920282
245 4.144324
246 4.006650
247 4.714774
248 5.855288
249 5.013830
250 4.416910
251 5.244558
252 4.656139
253 6.075921
254 6.509617
255 5.376602
256 6.218505
257 7.239968
258 5.661491
259 6.112938
260 4.941848
261 2.911972
262 3.217020
263 4.874125
264 5.036800
265 4.314474
266 4.519905
267 5.505982
268 5.711078
269 5.519174
270 6.533759
271 5.999444
272 4.994211
273 4.653924
274 3.422015
275 4.768408
276 4.626129
277 5.322346
278 4.760349
279 5.575659
280 5.517251
281 5.308633
282 3.841582
283 4.974374
284 4.631965
285 5.853844
286 5.272991
287 6.131675
288 5.103060
289 6.261311
290 4.469191
291 5.118394
292 5.394110
293 5.098538
294 5.637033
295 5.223931
296 5.107032
297 4.745729
298 4.078067
299 3.948621
300 5.313784
301 4.257254
302 6.636794
303 6.019297
304 6.509549
305 5.027264
306 1.930380
307 4.286476
308 6.004963
309 6.214803
310 4.883090
311 5.875750
312 4.084276
313 5.356178
314 5.319741
315 4.916881
316 4.614706
317 4.786160
318 4.884582
319 6.118363
320 4.596069
321 4.877830
322 6.286938
323 5.663322
324 6.357413
325 5.646988
326 5.320177
327 4.653292
328 4.679166
329 4.407194
330 5.990236
331 5.498002
332 5.067319
333 4.383705
334 4.183278
335 4.633550
336 4.190719
337 3.900621
338 4.740804
339 4.668113
340 4.898134
341 4.466147
342 4.582035
343 4.840490
344 6.184529
345 4.590929
346 3.993647
347 4.987817
348 1.938641
349 4.711615
350 3.584462
351 4.385047
352 4.780698
353 4.435845
354 4.556236
355 3.633175
356 3.459777
357 4.373665
358 4.273632
359 3.716883
360 5.210142
361 4.034039
362 5.124414
363 4.854420
364 4.649795
365 4.585244
366 5.440274
367 5.176338
368 3.578025
369 4.408948
370 4.918109
371 5.186814
372 4.268128
373 5.210356
374 5.022083
375 5.754652
376 4.057738
377 5.087328
378 4.890681
379 6.467165
380 5.045762
381 4.563124
382 3.729695
383 4.281636
384 3.784388
385 5.228497
386 4.916917
387 5.202685
388 4.045650
389 2.342839
390 3.540853
391 3.701099
392 3.928006
393 4.764579
394 4.891921
395 6.101421
396 4.775288
397 3.519810
398 3.666698
399 3.454788
400 2.812947
401 4.098268
402 4.430907
403 4.171304
404 4.963287
405 4.820478
406 5.221740
407 5.135247
408 4.074379
409 5.219713
410 4.346928
411 3.849152
412 3.755964
413 4.988598
414 5.243881
415 4.025295
416 3.998962
417 3.833642
418 3.261398
419 3.746310
420 5.095646
421 5.266561
422 4.983624
423 3.631243
424 4.189570
425 5.226892
426 4.000021
427 5.354661
428 5.924749
429 6.510267
430 4.772575
431 4.939858
432 4.000927
433 3.326631
434 4.796295
435 4.580172
436 4.410822
437 6.523833
438 4.788863
439 4.712821
440 4.671741
441 5.587153
442 4.789944
443 5.095582
444 4.341742
445 9.192161
446 6.870349
447 6.320537
448 5.254268
449 5.061249
450 5.294675
451 6.474322
452 6.560091
453 6.792605
454 5.330291
455 6.485452
456 6.725004
457 5.944783
458 6.060501
459 6.046253
460 5.914462
461 5.274665
462 6.861666
463 5.207708
464 5.399991
465 6.210792
466 5.712772
467 5.400793
468 5.303610
469 5.813878
470 6.194391
471 5.816071
472 5.754554
473 4.576504
474 4.424317
475 6.070861
476 6.194453
477 5.795170
478 6.926316
479 4.929344
480 6.034072
481 6.020586
482 6.360655
483 6.237932
484 6.371237
485 5.305463
486 7.262727
487 7.171618
488 5.788780
489 5.545083
490 5.450314
491 5.930832
492 6.434744
493 6.647237
494 6.446711
495 5.648652
496 6.634918
497 6.024315
498 4.198717
499 6.383914
500 5.215705
501 8.050129
502 7.530637
503 6.631314
504 4.595669
505 6.221610
506 5.879036
507 4.356237
508 6.462305
509 4.572941
510 6.437843
511 6.096382
512 5.421363
513 4.594596
514 6.787388
515 5.242242
516 5.814004
517 5.750689
518 6.183174
519 5.566717
520 4.800431
521 6.176239
522 6.732867
523 6.415118
524 6.805276
525 5.237379
526 5.718636
527 6.660986
528 6.495929
529 5.531222
530 5.678597
531 6.268999
532 6.210328
533 5.492205
534 6.035752
535 6.307261
536 4.681728
537 5.971437
538 5.026456
539 5.525391
540 4.999036
541 4.721807
542 4.477364
543 5.809615
544 4.557961
545 5.731752
546 4.402508
547 4.761507
548 5.125050
549 5.616589
550 5.706838
551 4.657587
552 6.217554
553 4.555851
554 5.113410
555 4.777832
556 5.322127
557 5.273264
558 5.162035
559 6.359817
560 7.645382
561 6.825907
562 7.260831
563 5.303339
564 4.356844
565 5.685396
566 6.990903
567 4.962762
568 5.020834
569 4.028110
570 4.639491
571 5.786409
572 5.810433
573 4.492777
574 5.494957
575 5.086845
576 5.023015
577 5.287396
578 6.299761
579 6.704215
580 5.662005
581 6.888893
582 5.728597
583 5.717384
584 5.335364
585 4.296277
586 3.874227
587 6.850633
588 6.446557
589 6.563193
590 5.811465
591 5.628831
592 6.482940
593 6.320086
594 6.152889
595 4.651481
596 6.862349
597 4.802216
598 6.035221
599 6.674513
600 6.598147
601 5.337806
602 5.655085
603 4.912709
604 6.381848
605 5.273511
606 6.459904
607 5.820924
608 6.414749
609 5.159389
610 4.764634
611 6.131830
612 5.776688
613 4.000733
614 4.842161
615 5.007557
616 4.425637
617 3.824881
618 6.249200
619 4.271596
620 5.392359
621 4.687800
622 4.143982
623 5.904526
624 6.495297
625 5.649728
626 5.848218
627 4.753794
628 5.300172
629 5.928290
630 6.443957
631 5.079801
632 5.809766
633 4.970812
634 5.180950
635 5.249611
636 5.588759
637 5.379809
638 5.941210
639 6.453570
640 5.275595
641 4.610753
642 5.627380
643 4.672005
644 5.873402
645 4.349229
646 6.582106
647 5.919750
648 5.995782
649 7.348622
650 6.201220
651 5.331501
652 3.763192
653 6.695270
654 5.601210
655 5.114952
656 4.494700
657 5.814837
658 5.843090
659 6.155398
660 4.431865
661 5.562445
662 6.257991
663 3.900820
664 5.224071
665 4.065880
666 5.881620
667 4.798642
668 4.357218
669 4.508876
670 5.541530
671 7.006027
672 4.664559
673 3.665389
674 3.858620
675 5.006914
676 6.204450
677 4.625498
678 4.022116
679 5.660517
680 5.909762
681 5.859170
682 5.320932
683 4.949618
684 4.455482
685 4.886081
686 4.273746
687 3.832717
688 4.192969
689 5.592495
690 4.339787
691 3.605410
692 4.498793
693 4.431863
694 5.516590
695 4.989605
696 4.627375
697 5.050435
698 4.190043
699 4.554589
700 5.304770
701 5.892215
702 6.133424
703 5.322211
704 4.558261
705 4.964134
706 3.770120
707 4.426438
708 5.021537
709 4.861839
710 3.888348
711 6.683678
712 4.956715
713 5.246638
714 5.255381
715 6.251546
716 4.145378
717 5.161376
718 3.786317
719 5.556594
720 5.494446
721 5.031268
722 5.571447
723 5.615048
724 5.652969
725 3.065180
726 4.569193
727 3.823289
728 4.056603
729 5.876530
730 4.549002
731 3.405365
732 4.379217
733 6.890176
734 5.028212
735 5.571474
736 4.877520
737 5.136689
738 4.880456
739 4.123153
740 4.624186
741 4.306023
742 4.891311
743 4.774038
744 4.389167
745 5.666039
746 4.818669
747 5.696729
748 4.909099
749 4.864364
750 5.432565
751 5.353019
752 5.387920
753 5.039865
754 4.680639
755 6.199193
756 6.873453
757 6.285609
758 5.751297
759 4.958442
760 5.476143
761 5.934237
762 3.643391
763 5.002675
764 4.840100
765 5.125792
766 5.491711
767 5.062043
768 4.923139
769 5.396906
770 5.446487
771 4.469440
772 5.289120
773 5.108791
774 6.159731
775 4.877203
776 4.005293
777 4.342712
778 5.723194
779 5.229472
780 4.972942
781 5.294709
782 5.666695
783 4.411012
784 6.044782
785 5.387235
786 5.061467
787 3.310925
788 5.233895
789 5.446082
790 5.627271
791 4.148818
792 3.016807
793 3.642950
794 3.743856
795 6.117081
796 5.484060
797 4.422553
798 4.678622
799 4.780636
800 4.142075
801 4.605407
802 5.131925
803 4.746591
804 3.446880
805 4.277648
806 5.420801
807 5.967414
808 4.786558
809 5.835753
810 4.203460
811 3.996456
812 5.403830
813 5.430441
814 4.675261
815 4.423842
816 5.106849
817 5.076752
818 4.581949
819 5.399544
820 6.109030
821 5.092210
822 6.206334
823 5.572970
824 3.360103
825 3.845885
826 4.353899
827 3.841183
828 3.911332
829 5.264870
830 4.821699
831 4.650293
832 3.670877
833 5.299330
834 5.761778
835 5.982692
836 4.372693
837 4.834956
838 6.243945
839 6.591867
840 7.118700
841 6.720208
842 5.703871
843 5.971110
844 5.762386
845 4.042131
846 5.015936
847 3.990060
848 3.903980
849 4.064205
850 4.784556
851 5.552233
852 5.581487
853 4.695115
854 4.084583
855 3.918387
856 3.453752
857 4.004230
858 6.157118
859 5.078694
860 5.988616
861 5.241337
862 6.223424
863 5.101008
864 4.297926
865 4.893063
866 6.174469
867 4.979041
868 5.444261
869 5.979043
870 3.214867
871 5.144207
872 5.620419
873 5.964243
874 5.353196
875 4.185512
876 4.120386
877 4.389429
878 5.833147
879 5.454489
880 7.361415
881 6.068763
882 5.361767
883 5.734194
884 5.626792
885 4.872174
886 3.777945
887 5.359621
888 5.590889
889 4.795273
890 5.400249
891 6.801081
892 5.113555
893 3.560210
894 4.769038
895 5.347937
896 4.834570
897 5.320396
898 4.997897
899 3.625657
900 5.006792
901 5.584919
902 5.705006
903 5.892671
904 6.202489
905 4.374497
906 5.062685
907 6.797856
908 4.207637
909 4.481602
910 4.470375
911 4.559637
912 4.653143
913 5.964942
914 4.745915
915 3.171692
916 4.142456
917 4.830245
918 6.320249
919 5.102788
920 5.603476
921 5.980920
922 5.334838
923 6.403432
924 4.792778
925 5.716267
926 5.858675
927 6.750002
928 4.286777
929 5.653088
930 3.770721
931 4.804649
932 5.991856
933 4.865221
934 4.278832
935 5.741374
936 5.960963
937 6.148061
938 5.299862
939 5.044387
940 5.273794
941 5.698080
942 4.812315
943 3.619095
944 3.330031
945 5.142749
946 5.033928
947 6.263750
948 5.966796
949 4.812254
950 4.721334
951 5.170093
952 7.212888
953 7.008434
954 5.715301
955 5.600871
956 5.190174
957 5.983510
958 5.098927
959 6.015912
960 6.179470
961 5.870853
962 5.488857
963 5.900893
964 5.746111
965 5.725218
966 5.675242
967 6.093441
968 4.405596
969 6.087330
970 3.817490
971 3.557969
972 6.354593
973 6.180896
974 6.010898
975 6.159367
976 5.356132
977 5.571389
978 6.628513
979 5.624428
980 4.295378
981 6.111628
982 5.447780
983 3.855209
984 4.516109
985 6.035227
986 5.759718
987 5.052672
988 6.566855
989 5.558709
990 6.180440
991 6.412966
992 5.090442
993 5.356202
994 5.424707
995 4.670553
996 6.308087
997 5.693948
998 4.482601
999 5.175297
Avg. Error 5.132518